src/json/wind_uv.json
{"header": { "discipline": 0, "disciplineName": "Meteorological products", "gribEdition": 2, "gribLength": 80332, "center": 7, "centerName": "US National Weather Service - NCEP(WMC)", "subcenter": 0, "refTime": "2025-04-24T18:00:00.000Z", "significanceOfRT": 0, "significanceOfRTName": "Analysis", "productStatus": 0, "productStatusName": "Operational products", "productType": 0, "productTypeName": "Analysis products", "productDefinitionTemplate": 0, "productDefinitionTemplateName": "Analysis/forecast at horizontal level/layer at a point in time", "parameterCategory": 2, "parameterCategoryName": "Momentum", "parameterNumber": 2, "parameterNumberName": "U-component_of_wind", "parameterUnit": "m.s-1", "genProcessType": 0, "genProcessTypeName": "Analysis", "forecastTime": 0, "surface1Type": 103, "surface1TypeName": "Specified height level above ground", "surface1Value": 30.0, "surface2Type": 255, "surface2TypeName": "Missing", "surface2Value": 0.0, "gridDefinitionTemplate": 0, "gridDefinitionTemplateName": "Latitude_Longitude", "numberPoints": 65160, "shape": 6, "shapeName": "Earth spherical with radius of 6,371,229.0 m", "gridUnits": "degrees", "resolution": 48, "winds": "true", "scanMode": 0, "nx": 360, "ny": 181, "basicAngle": 0, "lo1": 0.0, "la1": 90.0, "lo2": 359.0, "la2": -90.0, "dx": 1.0, "dy": 1.0 }, "data":
[rows 130 to 155 of 181, columns 174 to 231 of 360]
-1.6269897,-1.5769898,-0.6369898,0.7430103,-2.6669898,-1.7269897,-2.1669898,-1.9069897,-0.72698975,0.31301025,0.91301024,0.6830103,1.5430102,2.2430103,2.6530104,3.2930102,3.3330102,3.2530103,2.9530103,3.7630103,3.8730102,4.0730104,4.1930103,4.51301,3.7430103,3.9230103,3.8330102,3.6930103,4.12301,5.7830105,5.5230103,2.4830103,4.33301,9.26301,10.163011,7.99301,7.54301,6.43301,4.9830103,4.31301,3.8230102,2.4630103,2.6030102,2.1230102,1.7630103,0.90301025,1.9330102,0.6830103,0.28301024,0.57301027,-0.17698975,-0.28698975,-1.0169897,-0.29698974,0.08301026,-0.34698975,-0.53698975,-2.4769897
0.53301024,-1.1769898,0.91301024,-1.6969898,-2.0869896,-0.92698973,0.13301025,2.5230103,1.2030102,1.8530103,1.7930102,3.0930102,3.1530104,3.8430102,4.0230103,4.83301,5.01301,5.16301,5.06301,5.5730104,6.0030103,6.29301,6.6330104,7.0530105,6.5330105,6.9430103,5.70301,5.3830104,4.93301,5.10301,5.5230103,3.3430102,1.2630103,-2.6369898,-3.4169898,2.8130102,4.4030104,6.7730103,8.07301,5.3630104,4.4430103,3.8930101,2.9030104,2.8830101,2.9230103,1.9630103,1.7130103,2.4030104,0.88301027,2.8530102,2.9130104,1.1330103,0.8030102,-0.61698973,0.18301025,0.5030103,-0.59698975,-1.6269897
0.84301025,-1.4969897,-1.9169898,-1.1369897,-0.77698976,-0.12698975,2.1430101,2.4330103,3.1730103,2.8430102,3.2330103,4.08301,5.0930104,5.26301,5.7530103,6.4830103,6.83301,6.1930103,7.20301,7.95301,7.76301,8.69301,8.86301,8.623011,8.543011,9.15301,8.71301,7.66301,6.10301,5.7530103,5.16301,3.9630103,0.54301023,-2.1969898,-4.1569896,-2.4069898,-1.7369897,3.0930102,5.95301,5.5030103,4.8430104,3.5930102,3.1230102,3.0530102,3.2530103,3.0030103,2.4930103,3.8330102,3.0230103,3.1830103,3.3230102,2.1630104,2.1130102,2.2830102,2.1430101,3.5930102,1.7830102,-0.19698974
-4.29699,-3.3569899,-1.2069898,0.08301026,2.0030103,2.9630103,4.01301,4.89301,5.3830104,5.24301,5.91301,6.3630104,6.85301,7.4630103,7.8230104,7.6930103,7.7830105,7.87301,8.06301,8.59301,9.51301,9.71301,9.88301,10.05301,10.5330105,10.22301,9.61301,9.9930105,8.06301,6.81301,6.0230103,5.08301,3.0730102,0.7430103,-0.84698975,-2.4769897,-4.0969896,-1.5769898,-1.5169897,7.12301,5.22301,3.6530104,2.7230103,2.8030102,2.9330103,4.5530105,3.4130104,4.08301,3.6730103,3.3030102,3.7730103,3.1030102,2.8130102,3.3430102,3.1130102,4.2130103,4.1130104,2.7130103
-3.6969898,-2.4169898,-0.58698976,0.6230103,2.9430103,4.5030103,5.66301,5.68301,6.7830105,6.93301,7.45301,7.49301,8.043011,8.10301,8.30301,8.543011,8.59301,8.583011,9.453011,9.953011,10.17301,10.34301,10.21301,10.92301,11.22301,11.10301,11.163011,10.44301,11.26301,8.72301,7.6930103,6.9230103,4.9630103,4.4030104,2.1330101,0.25301024,-0.90698975,-1.6269897,-0.7469897,2.5430102,4.0730104,3.0730102,3.2630103,3.7630103,3.5830102,6.2330103,4.81301,3.5130103,4.83301,4.97301,4.1930103,3.8530102,3.9230103,3.5430102,4.70301,4.76301,5.4830103,5.0930104
-1.5469898,0.16301025,2.1030102,4.4430103,5.7830105,7.20301,8.36301,9.293011,10.293011,8.61301,9.333011,8.71301,8.94301,9.2430105,9.42301,9.46301,10.01301,11.02301,11.84301,12.09301,12.84301,12.86301,13.26301,12.71301,12.873011,12.81301,12.97301,12.13301,12.39301,12.793011,10.77301,7.6130104,8.333011,5.91301,6.04301,3.8630102,1.7230103,0.37301025,0.42301026,-0.44698974,1.0330102,3.7930102,5.5230103,6.45301,5.64301,5.4430103,5.41301,5.89301,5.3030105,5.8830104,4.81301,4.29301,4.6930103,4.29301,5.1130104,6.49301,6.39301,6.6130104
0.36301026,3.1830103,5.3830104,6.8230104,7.7830105,8.13301,9.10301,9.75301,10.46301,9.57301,9.01301,9.543011,9.72301,10.69301,11.2830105,11.60301,11.32301,11.68301,12.50301,13.2430105,13.97301,14.123011,13.36301,13.57301,14.06301,13.42301,13.57301,14.663011,13.86301,13.333011,12.55301,12.69301,9.71301,9.333011,7.37301,6.7530103,5.3830104,3.3330102,2.4130104,1.5530102,-0.016989745,0.023010254,6.10301,6.5230103,7.20301,6.06301,6.20301,6.56301,6.83301,6.1930103,5.5730104,5.8030105,5.7830105,6.10301,5.70301,6.3830104,7.51301,7.2330103
6.3830104,7.1530104,9.21301,9.11301,9.36301,9.60301,9.0330105,10.31301,10.333011,10.453011,11.13301,10.77301,11.55301,11.75301,11.0330105,12.36301,12.90301,14.18301,14.56301,13.23301,12.44301,13.32301,14.793011,14.18301,14.68301,15.203011,14.02301,15.80301,15.77301,15.2830105,14.10301,13.68301,13.793011,10.30301,9.81301,9.17301,8.32301,7.1730103,5.39301,4.1930103,2.6130102,1.1230103,0.98301023,5.43301,8.14301,7.1930103,7.12301,7.41301,7.5530105,7.8230104,6.3630104,7.87301,8.02301,7.49301,7.58301,7.70301,8.21301,8.96301
9.97301,8.9930105,9.34301,8.873011,10.123011,10.22301,9.833011,9.85301,9.163011,10.06301,10.65301,11.35301,12.32301,11.84301,11.81301,12.18301,12.043011,9.11301,10.373011,10.47301,12.15301,11.543011,12.27301,11.98301,12.703011,13.293011,13.333011,14.21301,15.48301,16.27301,16.86301,15.11301,14.11301,12.47301,11.203011,10.52301,10.07301,8.98301,7.9830103,6.9830103,5.9830103,4.87301,3.7730103,3.1730103,0.17301026,8.703011,9.61301,9.32301,8.75301,8.75301,8.703011,8.64301,9.123011,10.85301,10.80301,10.06301,10.703011,9.93301
9.793011,10.75301,9.30301,9.76301,10.333011,10.85301,11.123011,11.15301,10.52301,10.26301,10.81301,10.76301,11.11301,11.31301,12.64301,10.5330105,10.90301,10.84301,12.333011,13.17301,12.90301,11.85301,13.47301,15.453011,15.36301,15.76301,16.10301,15.913011,14.64301,13.63301,13.09301,16.27301,17.30301,14.64301,13.13301,11.98301,11.10301,9.97301,9.46301,8.35301,7.58301,6.6130104,5.91301,5.0730104,2.7630103,0.25301024,3.7330103,9.85301,10.23301,9.9930105,9.42301,9.703011,10.81301,11.0330105,11.77301,13.293011,12.42301,11.82301
12.06301,10.64301,11.663011,10.7830105,11.043011,11.80301,11.77301,11.913011,12.10301,12.39301,10.80301,10.76301,11.52301,11.293011,11.39301,12.02301,12.59301,12.81301,13.05301,13.85301,12.453011,14.75301,15.2430105,16.71301,17.35301,17.18301,16.78301,16.55301,17.67301,17.79301,16.25301,13.663011,10.98301,13.77301,16.27301,13.84301,12.06301,11.32301,10.31301,9.293011,8.57301,7.9830103,7.4030104,5.64301,5.2130103,4.70301,1.2830102,1.0330102,4.56301,11.61301,11.123011,11.14301,12.05301,12.42301,13.30301,13.88301,13.333011,14.293011
12.543011,11.7830105,11.71301,12.36301,12.543011,12.73301,12.89301,13.25301,13.32301,13.26301,11.80301,11.4930105,12.15301,12.35301,11.57301,11.93301,12.88301,12.67301,13.01301,13.293011,14.72301,16.77301,16.36301,17.66301,18.12301,19.893011,19.393011,19.15301,18.893011,18.26301,17.15301,16.973011,14.65301,12.2430105,11.42301,13.083011,14.17301,11.19301,11.27301,9.59301,8.953011,8.80301,7.3630104,6.93301,6.0230103,4.66301,4.6330104,3.0230103,0.33301026,-0.07698975,1.3930103,1.2130103,8.75301,10.84301,12.793011,13.7830105,14.38301,15.23301
13.25301,13.44301,13.65301,14.17301,14.123011,13.96301,13.94301,13.80301,13.93301,13.48301,14.43301,13.163011,12.01301,12.94301,13.4930105,12.10301,11.86301,13.623011,14.80301,16.26301,16.27301,16.88301,18.393011,19.11301,19.973011,20.51301,19.893011,20.66301,20.17301,18.91301,17.643011,16.75301,16.94301,15.96301,14.32301,13.663011,11.09301,7.5730104,12.27301,10.65301,9.043011,8.15301,8.00301,7.54301,6.2530103,5.5330105,4.41301,4.2830105,4.83301,4.6130104,4.04301,5.3230104,4.0530105,4.9030104,4.43301,6.93301,12.52301,15.38301
14.09301,14.2430105,14.5330105,16.53301,15.60301,14.84301,13.583011,13.953011,14.19301,15.39301,10.583011,10.48301,12.77301,13.27301,12.93301,12.42301,13.413011,14.5330105,15.35301,15.873011,17.44301,18.70301,20.03301,21.03301,21.53301,21.19301,20.66301,21.00301,20.20301,20.04301,18.23301,16.11301,15.083011,15.76301,15.413011,12.46301,10.92301,11.64301,11.23301,11.203011,10.72301,8.57301,6.6930103,7.4830103,6.79301,6.0330105,5.1530104,5.8430104,5.5930104,5.56301,4.4830103,4.95301,5.4630103,7.0330105,7.49301,8.5330105,8.46301,8.51301
15.02301,14.60301,14.7830105,14.60301,15.413011,15.333011,14.90301,14.9930105,13.39301,7.91301,8.453011,11.71301,12.80301,11.793011,12.88301,13.583011,14.2430105,14.7830105,14.27301,15.67301,17.74301,19.40301,21.96301,22.45301,22.24301,20.29301,18.91301,18.84301,19.00301,17.96301,19.13301,15.30301,14.05301,13.50301,13.293011,11.413011,11.57301,11.26301,11.873011,12.67301,14.32301,7.1930103,6.72301,6.0030103,5.4830103,6.04301,5.8230104,6.12301,6.0330105,6.4430103,5.8030105,6.51301,6.68301,7.66301,8.833011,9.00301,11.02301,11.21301
15.453011,15.01301,15.05301,14.60301,15.2830105,15.40301,16.05301,11.22301,5.97301,7.9830103,8.913011,11.043011,11.17301,11.32301,11.48301,13.51301,13.26301,12.65301,14.64301,16.30301,17.29301,19.69301,20.67301,23.07301,20.11301,18.25301,18.94301,19.83301,18.60301,16.52301,13.86301,13.26301,12.48301,11.75301,10.543011,9.89301,9.73301,10.17301,9.71301,9.82301,10.56301,6.26301,6.0230103,5.31301,6.2730103,5.0030103,4.8830104,6.4430103,6.12301,7.06301,7.79301,7.91301,8.17301,8.18301,9.09301,10.09301,11.13301,12.67301
15.873011,15.81301,14.86301,14.52301,16.43301,17.03301,6.2830105,4.41301,5.04301,9.083011,10.13301,10.21301,10.77301,12.413011,12.32301,12.50301,12.57301,12.80301,14.52301,16.07301,17.63301,17.53301,15.703011,14.163011,16.70301,16.63301,16.55301,14.953011,14.38301,14.19301,12.123011,12.10301,10.873011,9.793011,9.333011,9.56301,9.17301,9.44301,8.26301,8.163011,8.39301,6.91301,3.7230103,3.5730102,4.1330104,3.7730103,4.18301,5.4030104,7.99301,9.47301,8.69301,9.7430105,10.10301,10.84301,12.5330105,13.86301,14.77301,14.46301
15.82301,13.85301,12.09301,13.72301,7.66301,1.9930103,3.6230102,4.4430103,8.23301,9.68301,9.083011,9.65301,11.35301,11.4930105,11.623011,11.31301,12.98301,13.01301,14.42301,15.11301,14.953011,14.19301,14.88301,15.17301,15.75301,17.54301,14.94301,11.7430105,9.2830105,9.51301,10.953011,8.92301,8.453011,8.38301,8.17301,7.72301,7.64301,7.79301,6.79301,7.3830104,9.413011,6.5030103,-0.17698975,-2.0569897,-2.7869897,1.6230103,3.9630103,6.7530103,8.07301,9.38301,9.5330105,10.90301,13.17301,13.9930105,14.82301,15.30301,16.11301,17.53301
12.88301,11.26301,6.66301,1.4530102,1.6830102,0.95301026,5.9830103,7.60301,7.24301,7.62301,9.11301,11.07301,10.02301,10.2430105,11.07301,11.86301,11.01301,12.13301,12.67301,13.26301,12.38301,11.93301,12.68301,11.873011,9.52301,7.01301,7.68301,6.6730103,7.33301,7.5930104,7.2830105,6.7730103,7.64301,5.58301,6.93301,6.12301,6.9230103,6.76301,7.87301,10.69301,5.3030105,-1.5069897,-9.666989,-6.39699,-1.6869898,1.6530102,4.04301,7.2330103,8.80301,10.333011,11.90301,12.90301,14.14301,14.583011,15.793011,17.20301,17.41301,17.85301
8.123011,-1.5769898,-1.2569897,-0.85698974,1.4430102,4.47301,6.87301,5.2830105,6.6930103,8.55301,8.57301,7.89301,10.63301,11.09301,11.373011,11.84301,11.19301,12.543011,12.083011,10.36301,9.61301,7.7730103,5.97301,1.9930103,-2.3669899,-3.5369897,-7.4469895,-4.9669895,1.6030103,6.35301,6.9230103,5.4830103,4.04301,5.1130104,6.9030104,7.0530105,15.77301,17.70301,11.31301,-7.02699,-15.03699,-12.30699,-8.43699,-4.85699,-1.1769898,2.9530103,5.6930103,8.06301,8.913011,10.76301,11.60301,11.71301,13.203011,13.97301,15.913011,16.723011,16.61301,17.58301
-3.9469898,-2.0969896,-1.1769898,1.6530102,2.0530102,2.5030103,5.1930103,6.9630103,7.3830104,6.0030103,7.4830103,8.88301,9.97301,10.75301,10.7430105,11.14301,10.96301,11.40301,10.73301,10.413011,8.06301,4.0930104,0.82301027,-3.8769898,-8.7569895,-10.88699,-11.296989,-11.05699,-11.61699,-17.92699,-19.856989,-16.13699,-13.77699,-14.63699,-16.74699,-17.05699,-17.36699,-17.14699,-17.00699,-15.2169895,-12.57699,-9.93699,-6.93699,-3.2369897,0.63301027,3.7130103,6.08301,7.7130103,8.9930105,10.4930105,12.25301,12.123011,12.38301,13.793011,13.98301,14.60301,15.43301,16.98301
-3.5169897,-2.5269897,-0.5669897,1.2330103,3.3830101,5.5230103,6.06301,4.68301,5.6130104,5.9630103,6.97301,7.1930103,7.9030104,9.77301,11.083011,10.96301,9.90301,9.32301,9.15301,8.46301,6.6130104,2.5230103,-0.86698973,-3.2869897,-6.56699,-8.51699,-9.69699,-10.666989,-12.34699,-13.67699,-14.84699,-15.22699,-15.36699,-15.11699,-14.94699,-15.68699,-15.10699,-14.2569895,-13.2169895,-11.53699,-8.956989,-6.5369897,-4.3869896,-0.38698974,2.5230103,4.3030105,6.7730103,7.97301,9.21301,6.95301,9.703011,10.76301,11.453011,12.203011,13.32301,13.2830105,13.98301,15.293011
-0.23698975,2.0630102,2.9730103,3.0630102,3.2330103,4.3830104,4.54301,4.5530105,3.7230103,3.8530102,6.8230104,9.07301,9.663011,9.583011,10.163011,9.56301,9.47301,9.833011,8.67301,8.96301,7.1930103,3.0430102,-0.44698974,-1.5569898,-3.7369897,-5.9469895,-7.2269897,-8.7569895,-9.69699,-10.7169895,-11.65699,-11.84699,-12.086989,-10.90699,-9.63699,-10.086989,-9.796989,-9.38699,-8.42699,-6.08699,-4.00699,-2.6669898,0.23301025,2.2530103,3.4530103,4.64301,5.9030104,7.26301,6.85301,8.21301,8.55301,11.21301,9.35301,11.2430105,12.34301,13.15301,13.72301,14.51301
0.76301026,2.2130103,2.9830103,4.89301,5.4430103,5.3030105,1.7030102,3.3230102,4.9230103,6.5530105,7.83301,8.77301,8.873011,8.98301,9.793011,9.98301,8.44301,10.46301,10.26301,8.72301,7.54301,5.6530104,2.1330101,0.5530102,-1.0369897,-2.8169897,-4.35699,-5.8469896,-6.8869896,-7.8869896,-8.24699,-8.34699,-8.376989,-8.546989,-5.7669897,-7.37699,-5.9969897,-4.7269897,-3.6769898,-2.9669898,-1.7069898,0.6830103,1.2430103,3.0330102,4.76301,6.14301,6.8030105,6.4030104,6.9630103,9.123011,8.93301,9.873011,10.50301,10.89301,11.63301,12.583011,13.25301,11.88301
2.6730103,4.33301,5.2330103,5.22301,5.20301,3.7230103,3.5030103,4.8230104,6.2730103,7.3630104,8.59301,8.2830105,8.453011,8.40301,9.123011,9.26301,8.413011,11.2830105,11.56301,10.00301,7.1130104,5.93301,3.3230102,1.9530102,1.2830102,0.21301025,-1.1269897,-1.9969897,-2.8669899,-3.4869897,-4.1569896,-4.43699,-4.58699,-4.4469895,-3.8669899,-3.3169897,-2.2469897,-2.1369898,-0.73698974,0.26301026,0.76301026,1.7430103,3.2130103,4.3230104,5.9430103,5.70301,6.8230104,6.4030104,8.7430105,8.36301,8.19301,10.163011,10.373011,11.47301,11.0330105,11.793011,11.72301,12.38301
4.4230103,4.24301,3.7130103,5.12301,4.7730103,2.4730103,3.2430103,4.7130103,7.1530104,8.00301,7.85301,7.62301,8.40301,9.18301,9.203011,9.27301,9.97301,10.35301,12.10301,10.583011,9.19301,8.11301,7.62301,3.3430102,2.2730103,2.4930103,2.3630102,1.5630102,0.83301026,0.44301024,0.013010254,-0.66698974,-1.2669897,-1.4569898,-1.5669898,-0.25698975,-0.28698975,1.1730102,2.5330102,2.2330103,2.2330103,3.7430103,5.0530105,5.91301,6.9830103,7.6130104,7.85301,8.22301,7.2530103,8.14301,8.4930105,10.09301,10.98301,11.42301,11.63301,10.0330105,10.953011,10.18301
