src/json/wind_uv.json
{"header": { "discipline": 0, "disciplineName": "Meteorological products", "gribEdition": 2, "gribLength": 80332, "center": 7, "centerName": "US National Weather Service - NCEP(WMC)", "subcenter": 0, "refTime": "2025-04-24T18:00:00.000Z", "significanceOfRT": 0, "significanceOfRTName": "Analysis", "productStatus": 0, "productStatusName": "Operational products", "productType": 0, "productTypeName": "Analysis products", "productDefinitionTemplate": 0, "productDefinitionTemplateName": "Analysis/forecast at horizontal level/layer at a point in time", "parameterCategory": 2, "parameterCategoryName": "Momentum", "parameterNumber": 2, "parameterNumberName": "U-component_of_wind", "parameterUnit": "m.s-1", "genProcessType": 0, "genProcessTypeName": "Analysis", "forecastTime": 0, "surface1Type": 103, "surface1TypeName": "Specified height level above ground", "surface1Value": 30.0, "surface2Type": 255, "surface2TypeName": "Missing", "surface2Value": 0.0, "gridDefinitionTemplate": 0, "gridDefinitionTemplateName": "Latitude_Longitude", "numberPoints": 65160, "shape": 6, "shapeName": "Earth spherical with radius of 6,371,229.0 m", "gridUnits": "degrees", "resolution": 48, "winds": "true", "scanMode": 0, "nx": 360, "ny": 181, "basicAngle": 0, "lo1": 0.0, "la1": 90.0, "lo2": 359.0, "la2": -90.0, "dx": 1.0, "dy": 1.0 }, "data":
[rows 130 to 155 of 181, columns 116 to 173 of 360]
9.5330105,9.43301,9.25301,8.42301,9.85301,9.2430105,8.94301,8.02301,7.1330104,6.1530104,4.83301,3.9130104,2.5230103,1.3330102,-0.17698975,-2.0369897,-2.7669897,-4.20699,-6.02699,-5.4969897,-4.7469897,0.13301025,3.0630102,2.5530102,2.7630103,1.9430102,1.8430103,3.4330103,2.6030102,3.4830103,4.3230104,6.6130104,0.36301026,-0.14698975,0.88301027,0.39301026,-0.41698974,-0.09698974,0.033010256,0.123010255,0.51301026,0.36301026,-0.7569897,-0.45698974,-0.90698975,-2.0869896,-1.7369897,-2.2469897,-6.39699,-7.6769896,-9.67699,-8.456989,-8.24699,-6.8069897,-5.75699,-5.7169895,-5.06699,-2.8969898
12.13301,12.50301,12.10301,11.26301,10.2830105,10.65301,9.71301,8.453011,9.44301,8.34301,7.5530105,6.4630103,6.04301,4.10301,2.4730103,0.8030102,1.0730102,-0.6869897,-2.6869898,-3.2169898,-3.0169897,-3.1769898,-4.5569897,-5.8069897,-0.21698974,3.9430103,3.3930101,4.2130103,3.6430101,0.123010255,1.9430102,-1.0269897,1.8330102,1.6130103,1.4530102,1.5330102,1.8430103,2.0430102,1.6130103,1.4830103,1.8730103,1.0330102,0.98301023,0.26301026,-0.006989746,-0.5569897,-0.90698975,-1.3269898,-4.3469896,-5.41699,-5.95699,-6.70699,-6.6569896,-5.9469895,-4.2169895,-2.2969897,-1.9269898,1.0830102
12.90301,12.77301,13.47301,13.35301,12.69301,11.71301,12.11301,11.25301,11.5330105,11.083011,10.60301,9.38301,8.93301,7.20301,5.6130104,4.7330103,3.5830102,1.8930103,1.7930102,0.88301027,-0.5569897,-0.72698975,-0.28698975,-1.8569897,-2.0369897,-1.0069897,-1.5369897,5.0930104,4.5930104,3.4530103,0.98301023,2.2630103,2.1830103,2.6930103,1.8830103,2.7330103,2.9030104,3.2330103,2.7830102,2.9930103,3.9930103,2.7930102,3.3030102,2.5630102,1.8430103,0.22301026,-0.026989747,1.8430103,-1.4269898,-0.27698976,-2.5869896,-2.9669898,-2.4869897,-0.42698973,0.9930103,-1.4869897,-1.1369897,0.9430103
14.96301,14.89301,14.80301,14.663011,14.89301,14.65301,13.84301,13.15301,12.583011,13.9930105,13.48301,12.9930105,11.50301,10.65301,9.46301,7.8630104,7.18301,5.20301,4.5530105,3.7130103,3.5130103,1.7530103,1.3230102,1.9630103,1.0830102,0.53301024,0.6130102,0.15301025,-1.4269898,7.41301,1.3430103,1.3730103,1.7130103,6.68301,7.54301,7.76301,5.29301,5.5230103,3.9030104,4.10301,4.4830103,4.0730104,2.9030104,3.9330103,4.49301,1.9330102,1.6430103,1.2630103,2.5530102,-2.9569898,-2.0269897,1.4030102,0.51301026,1.7630103,-0.90698975,-0.52698976,1.1130103,0.08301026
16.05301,16.52301,16.723011,16.84301,17.02301,16.16301,16.30301,16.21301,15.07301,14.703011,15.06301,13.98301,13.703011,12.7830105,12.22301,10.953011,9.833011,8.32301,7.1330104,6.14301,5.20301,5.26301,4.6330104,3.7730103,3.7230103,3.3330102,3.8330102,3.1230102,2.8630102,1.8830103,3.1830103,12.52301,12.19301,10.02301,10.86301,10.98301,8.23301,7.04301,5.1530104,6.14301,6.01301,5.29301,4.5030103,4.5330105,5.76301,4.8630104,4.0730104,3.5030103,2.4930103,2.4530103,-0.36698973,-0.45698974,-3.0169897,-1.2069898,2.5930102,1.1730102,-1.8669897,-2.0369897
16.85301,17.05301,17.643011,17.98301,18.60301,19.00301,18.59301,18.04301,17.50301,16.58301,16.20301,16.24301,14.94301,14.01301,13.81301,14.293011,12.56301,11.293011,10.07301,9.17301,8.4930105,7.8630104,7.5230103,7.66301,6.74301,6.5930104,5.9630103,6.91301,5.5730104,7.2130103,7.0530105,4.22301,6.79301,12.50301,15.97301,12.51301,12.11301,8.82301,7.79301,6.39301,5.93301,6.85301,6.3030105,5.64301,5.6930103,6.4430103,6.4630103,5.81301,4.41301,3.4230103,4.8030105,1.2330103,0.13301025,2.1630104,0.91301024,0.5030103,-1.6769898,-3.2169898
15.60301,16.313011,17.20301,17.69301,19.07301,20.10301,20.49301,20.41301,19.84301,19.27301,17.68301,17.16301,17.05301,15.55301,14.26301,14.05301,13.60301,13.51301,13.043011,12.21301,11.52301,11.123011,10.7430105,10.59301,10.583011,9.953011,9.52301,9.203011,9.373011,9.34301,9.30301,9.2430105,9.30301,10.2430105,14.14301,14.64301,13.44301,10.2430105,7.99301,7.39301,7.2330103,7.16301,6.5730104,6.5930104,8.36301,6.5930104,7.87301,8.00301,7.0930104,5.8630104,7.1530104,1.0730102,0.053010255,-0.47698975,0.71301025,-0.7469897,-1.0269897,-0.70698977
14.703011,15.663011,16.80301,17.77301,19.50301,20.95301,21.20301,21.01301,21.35301,21.51301,20.17301,18.51301,18.96301,17.70301,16.29301,14.13301,14.67301,14.123011,14.80301,14.75301,14.5330105,13.27301,13.72301,13.13301,12.67301,12.2430105,11.92301,12.18301,11.71301,11.15301,11.2430105,11.7430105,12.34301,12.203011,11.333011,11.543011,12.2430105,11.60301,10.94301,8.583011,8.11301,7.81301,7.7730103,7.51301,7.3430104,8.46301,8.47301,7.91301,8.77301,8.72301,9.2430105,10.27301,3.2030103,3.5430102,1.8330102,2.0130103,3.6530104,5.4630103
12.92301,14.953011,16.92301,18.21301,19.76301,20.43301,20.78301,21.71301,23.26301,24.65301,22.393011,20.87301,19.33301,17.88301,17.49301,15.65301,15.043011,14.663011,14.65301,15.163011,15.23301,15.293011,14.88301,14.2430105,13.543011,13.68301,14.14301,14.09301,14.27301,14.31301,13.913011,13.5330105,13.21301,13.25301,12.93301,13.793011,13.51301,12.34301,12.43301,9.94301,8.39301,8.60301,8.71301,8.043011,8.59301,8.81301,9.453011,9.413011,9.2830105,9.2830105,9.72301,10.30301,10.543011,8.46301,6.8430104,7.4030104,8.19301,8.76301
5.9830103,6.04301,6.2830105,11.7430105,16.24301,19.02301,21.16301,21.19301,22.20301,22.99301,24.58301,23.20301,19.92301,17.98301,15.31301,14.57301,14.2430105,14.59301,14.543011,14.63301,12.9930105,13.64301,13.10301,14.42301,15.7830105,15.69301,16.18301,15.13301,15.75301,16.19301,16.26301,15.703011,15.18301,15.46301,14.92301,15.06301,15.0330105,16.25301,14.203011,13.31301,10.333011,9.06301,8.32301,8.84301,9.123011,9.51301,9.44301,9.98301,10.18301,10.4930105,10.703011,10.96301,10.52301,10.05301,9.0330105,9.35301,11.543011,9.57301
5.51301,6.06301,6.39301,5.9630103,5.9030104,4.3230104,12.25301,19.29301,21.58301,22.18301,20.87301,21.643011,20.03301,15.86301,11.97301,11.13301,9.43301,10.96301,13.15301,15.0330105,16.32301,15.89301,16.54301,16.313011,16.32301,15.98301,16.38301,15.953011,15.293011,16.43301,17.80301,16.32301,15.59301,15.453011,16.01301,16.67301,17.26301,16.33301,19.143011,13.81301,12.67301,10.94301,9.81301,8.44301,9.85301,10.163011,10.30301,10.17301,11.043011,11.46301,12.56301,11.40301,11.7430105,13.18301,11.65301,10.85301,11.84301,11.703011
8.68301,8.373011,7.6930103,7.56301,7.95301,7.29301,6.4230103,6.87301,3.5630102,19.10301,20.59301,20.75301,18.50301,6.4830103,6.0530105,4.12301,9.09301,12.663011,14.23301,16.393011,17.35301,15.7430105,16.35301,16.68301,17.42301,16.86301,16.87301,16.90301,17.08301,17.33301,17.28301,17.42301,17.11301,16.79301,17.44301,17.90301,18.223011,18.95301,16.02301,17.46301,13.293011,11.80301,10.06301,9.703011,8.76301,10.15301,10.30301,10.98301,10.19301,11.413011,11.90301,12.60301,12.123011,12.833011,13.57301,13.09301,12.5330105,12.48301
11.50301,10.93301,11.11301,11.02301,9.65301,9.88301,8.75301,7.1730103,5.8030105,2.7430103,-1.1069897,-5.35699,-5.9269896,-2.2269897,2.7730103,9.92301,13.09301,14.30301,15.84301,16.62301,16.63301,16.66301,15.48301,15.88301,16.08301,16.28301,16.393011,17.84301,18.393011,18.76301,18.38301,17.46301,17.88301,18.03301,19.10301,19.29301,19.55301,19.99301,17.45301,18.44301,14.72301,12.9930105,11.56301,10.26301,7.9230103,9.80301,11.4930105,10.293011,11.26301,9.72301,10.703011,11.31301,12.67301,13.373011,13.22301,13.043011,13.05301,13.39301
13.21301,12.63301,12.663011,12.44301,11.36301,10.22301,9.76301,9.36301,8.123011,6.7130103,5.51301,5.29301,5.4230103,7.01301,9.64301,11.90301,13.86301,14.913011,15.67301,15.9930105,16.35301,16.41301,16.38301,15.7830105,15.57301,15.873011,17.04301,18.44301,17.813011,17.10301,17.26301,17.45301,17.74301,19.30301,19.68301,19.71301,22.40301,20.063011,17.643011,16.62301,19.78301,14.63301,11.57301,10.833011,9.51301,8.65301,10.01301,11.22301,10.67301,10.19301,10.96301,11.543011,13.32301,14.23301,14.203011,14.0330105,13.43301,14.17301
14.69301,13.61301,14.11301,13.293011,12.48301,12.64301,12.30301,11.60301,11.51301,12.373011,12.203011,12.38301,12.68301,13.61301,14.7830105,15.453011,16.11301,16.88301,15.9930105,16.24301,16.50301,16.36301,16.54301,16.98301,16.41301,16.54301,17.393011,16.473011,16.76301,17.473011,18.00301,19.60301,19.70301,19.20301,21.973011,20.12301,16.45301,14.25301,15.11301,12.96301,17.61301,20.813011,13.02301,10.92301,9.92301,9.39301,10.22301,10.81301,11.69301,11.06301,11.293011,12.43301,13.00301,14.35301,15.25301,15.90301,15.21301,15.09301
14.35301,13.43301,14.163011,13.97301,14.26301,12.7430105,13.123011,15.38301,13.40301,14.56301,15.07301,15.75301,16.21301,16.96301,17.66301,18.49301,19.51301,18.63301,17.90301,17.223011,16.38301,16.02301,16.813011,17.143011,15.97301,15.96301,15.51301,17.10301,17.99301,19.62301,21.66301,21.223011,22.13301,19.77301,18.02301,15.13301,14.73301,13.663011,14.373011,14.72301,15.043011,15.18301,12.02301,11.63301,10.89301,10.84301,9.703011,10.39301,11.21301,12.26301,13.083011,13.80301,14.333011,14.88301,15.06301,15.97301,15.89301,16.34301
14.57301,13.92301,13.623011,13.623011,13.09301,14.00301,13.51301,14.15301,15.85301,17.37301,17.12301,15.86301,15.59301,15.65301,14.453011,16.21301,18.21301,18.36301,17.66301,17.16301,15.81301,14.15301,13.57301,14.02301,14.27301,13.73301,14.913011,15.47301,11.163011,5.0930104,5.47301,6.5730104,8.59301,11.25301,13.2430105,12.663011,13.67301,15.36301,15.39301,15.7830105,16.13301,16.36301,15.97301,10.88301,10.18301,9.75301,9.67301,10.413011,11.703011,14.36301,14.68301,14.80301,14.19301,14.623011,15.663011,16.51301,16.76301,16.05301
12.50301,11.35301,9.84301,10.14301,11.17301,12.73301,13.48301,15.34301,14.26301,13.163011,11.00301,9.2830105,7.0730104,6.4430103,6.6930103,7.43301,8.97301,8.4930105,8.72301,9.15301,9.293011,10.10301,10.67301,10.89301,11.27301,11.92301,12.703011,5.76301,6.5230103,6.5030103,8.35301,9.5330105,10.71301,12.72301,15.453011,15.63301,16.87301,17.94301,18.46301,16.893011,16.59301,16.48301,15.5330105,9.63301,9.50301,8.43301,9.59301,10.453011,11.46301,12.61301,14.083011,14.27301,14.93301,16.58301,16.723011,16.92301,17.063011,16.71301
8.25301,7.4430103,8.75301,10.25301,10.7830105,12.02301,14.18301,8.913011,6.39301,2.8330102,4.8430104,6.8230104,8.06301,9.5330105,9.2830105,7.83301,5.1530104,3.9830103,3.7530103,3.5630102,4.04301,4.4830103,6.9030104,10.32301,13.48301,-0.9469898,2.0530102,4.66301,5.41301,4.0230103,5.93301,7.5030103,10.46301,12.77301,15.333011,19.32301,21.393011,22.09301,20.45301,17.93301,16.77301,14.333011,12.52301,12.97301,8.73301,10.02301,9.40301,9.96301,11.69301,13.25301,13.93301,14.51301,15.64301,16.79301,16.01301,15.123011,13.90301,13.36301
6.43301,7.47301,8.60301,9.69301,10.34301,13.86301,3.5530102,2.6130102,3.7830102,5.6730103,5.68301,4.1530104,5.8230104,10.77301,12.01301,11.13301,6.29301,3.7230103,4.1130104,3.3130102,7.3830104,8.413011,-5.66699,-6.2269897,-5.98699,-2.8869898,-2.9469898,-3.4069898,0.82301027,2.0930102,3.6930103,5.64301,8.31301,10.373011,16.49301,21.65301,18.40301,17.13301,15.36301,14.07301,13.11301,11.13301,11.06301,9.07301,8.06301,7.5330105,8.51301,9.65301,11.18301,12.2830105,13.31301,13.73301,14.2830105,13.833011,13.40301,12.77301,12.543011,9.7430105
8.17301,8.06301,8.663011,9.06301,7.85301,2.2430103,0.48301026,-1.2069898,-0.48698974,-0.19698974,-2.2569897,-4.06699,-3.9169898,-5.2169895,-4.8469896,-7.6769896,-6.33699,1.2830102,2.6530104,-3.1269898,-8.02699,-8.01699,-6.9769897,-6.12699,-5.87699,-4.29699,-3.6669898,-2.4669898,-1.1769898,0.17301026,1.1830102,2.2030103,3.7530103,3.7630103,4.1930103,-0.086989745,0.45301026,1.8030102,4.85301,6.0530105,7.66301,7.1730103,8.75301,7.8430104,7.62301,6.99301,8.59301,9.21301,10.55301,11.36301,10.873011,10.913011,10.46301,9.163011,7.8830104,8.89301,-1.5169897,-5.4269896
7.64301,8.27301,7.0030103,1.2430103,-1.9369898,-0.16698974,-0.51698977,-1.5069897,-1.6369897,-1.1969898,-1.1769898,-1.0669898,-1.4169898,-2.2569897,-2.5069897,-5.6769896,-6.91699,-8.09699,-7.8069897,-6.5369897,-5.12699,-4.5569897,-7.0369897,-5.23699,-4.4669895,-3.6269898,-2.2469897,-1.1569897,-0.86698973,-0.44698974,-0.52698976,-0.60698974,-1.6569897,-2.2669897,-2.8269897,-4.7469897,-9.69699,-5.35699,0.35301027,3.2130103,4.7730103,6.0230103,6.04301,6.8830104,7.29301,6.4430103,6.89301,5.91301,5.22301,2.6030102,0.37301025,-3.5469897,-7.2169895,-8.80699,-8.60699,-8.53699,-7.04699,-4.5569897
4.6530104,-7.18699,-7.68699,-4.9269896,-3.5869896,-2.7469897,-2.3369896,-1.4369898,-1.0369897,0.14301026,0.64301026,-0.59698975,-0.37698975,-1.4869897,-3.0769897,-2.2969897,-3.7469897,-4.37699,-5.6569896,-5.16699,-4.5369897,-3.6469898,-1.3369898,-0.8869898,-0.45698974,0.49301025,1.2430103,1.2230103,1.1730102,1.1830102,0.44301024,-0.44698974,-1.7469897,-3.6669898,-5.1769896,-6.9269896,-8.52699,-10.31699,-12.48699,-15.376989,-17.72699,-17.05699,-16.75699,-15.65699,-15.27699,-15.546989,-15.35699,-15.35699,-14.73699,-14.24699,-13.06699,-12.38699,-11.17699,-10.44699,-8.94699,-7.4469895,-5.3669896,-3.0169897
-9.69699,-6.39699,-4.9669895,-3.7269897,-2.5769897,-1.4769897,-0.10698975,0.9430103,1.7830102,2.7630103,2.0530102,-3.4169898,-7.9969897,-6.43699,-6.0769897,-5.6769896,-3.7969897,-3.0469897,-3.5169897,-5.1969895,-7.98699,-7.3669896,-5.8469896,-5.91699,-5.6569896,-6.4069896,-6.16699,-4.4269896,-1.1669898,0.79301023,1.2130103,1.2830102,-0.78698975,-1.4269898,-3.3469896,-5.4669895,-7.14699,-8.88699,-9.85699,-11.02699,-11.706989,-13.03699,-13.796989,-14.78699,-15.14699,-14.69699,-14.0069895,-13.35699,-12.09699,-10.94699,-11.086989,-10.586989,-9.53699,-7.87699,-5.4669895,-3.3469896,-1.2569897,0.16301025
-5.0769897,-3.8969898,-2.7869897,-2.3169897,-2.2369897,-1.7469897,-1.3569897,-2.1269898,-2.4169898,-6.7469897,-9.14699,-9.32699,-7.6569896,-6.62699,-6.70699,-6.77699,-7.95699,-8.81699,-8.27699,-9.546989,-8.626989,-6.85699,-5.83699,-5.5569897,-5.2469897,-4.2869897,-3.2469897,-2.9469898,-2.8569899,-2.8469896,-2.8569899,-3.3069897,-3.9669898,-4.2869897,-4.60699,-5.7669897,-6.2669897,-7.18699,-7.3669896,-8.34699,-8.626989,-8.63699,-8.74699,-11.166989,-11.53699,-11.166989,-11.166989,-10.90699,-10.36699,-9.296989,-7.66699,-6.0969896,-4.66699,-3.2869897,-1.9769897,-0.83698976,0.41301024,1.4430102
-2.5369897,-1.4069897,-2.1569898,-2.3069897,-1.6669898,-2.2069898,-2.4969897,-3.8869898,-4.50699,-5.60699,-6.0769897,-6.1569896,-6.6969895,-7.0769897,-6.41699,-6.4769897,-6.9469895,-6.60699,-5.85699,-5.2469897,-4.9069896,-4.5569897,-4.08699,-3.6469898,-3.7969897,-3.9069898,-3.8169897,-2.6069899,-2.6169899,-2.7569897,-1.9369898,-1.3669897,-1.0069897,-1.3769897,-1.8369898,-2.1169899,-2.7169898,-3.3269897,-4.0169897,-4.8069897,-5.0369897,-4.87699,-3.8169897,-5.48699,-6.3469896,-6.3469896,-6.3269897,-5.5969896,-4.6369896,-4.16699,-3.2769897,-1.7769897,-0.8169897,-0.15698975,0.35301027,1.9830103,2.5630102,3.1430101
