src/json/wind_uv.json
{"header": { "discipline": 0, "disciplineName": "Meteorological products", "gribEdition": 2, "gribLength": 80423, "center": 7, "centerName": "US National Weather Service - NCEP(WMC)", "subcenter": 0, "refTime": "2025-04-24T18:00:00.000Z", "significanceOfRT": 0, "significanceOfRTName": "Analysis", "productStatus": 0, "productStatusName": "Operational products", "productType": 0, "productTypeName": "Analysis products", "productDefinitionTemplate": 0, "productDefinitionTemplateName": "Analysis/forecast at horizontal level/layer at a point in time", "parameterCategory": 2, "parameterCategoryName": "Momentum", "parameterNumber": 3, "parameterNumberName": "V-component_of_wind", "parameterUnit": "m.s-1", "genProcessType": 0, "genProcessTypeName": "Analysis", "forecastTime": 0, "surface1Type": 103, "surface1TypeName": "Specified height level above ground", "surface1Value": 30.0, "surface2Type": 255, "surface2TypeName": "Missing", "surface2Value": 0.0, "gridDefinitionTemplate": 0, "gridDefinitionTemplateName": "Latitude_Longitude", "numberPoints": 65160, "shape": 6, "shapeName": "Earth spherical with radius of 6,371,229.0 m", "gridUnits": "degrees", "resolution": 48, "winds": "true", "scanMode": 0, "nx": 360, "ny": 181, "basicAngle": 0, "lo1": 0.0, "la1": 90.0, "lo2": 359.0, "la2": -90.0, "dx": 1.0, "dy": 1.0 }, "data":
[rows 104 to 129 of 181, columns 59 to 117 of 360]
1.7925391,0.5725391,1.392539,1.2125391,2.162539,1.762539,1.622539,0.14253907,2.312539,1.1725391,0.0025390624,-0.18746094,0.99253905,0.9625391,1.9425391,2.882539,3.162539,3.472539,3.312539,3.142539,3.062539,3.192539,4.232539,5.432539,6.092539,5.822539,5.712539,6.452539,6.752539,7.592539,8.462539,7.522539,7.832539,7.742539,8.382539,8.272539,5.092539,0.24253906,0.25253907,-0.62746096,-1.087461,-0.64746094,-0.32746094,-0.27746093,0.40253907,1.522539,0.92253906,-0.41746095,-0.50746095,-1.387461,-1.0274609,-1.2874609,-0.68746096,0.31253907,0.5225391,1.1725391,1.3025391,1.152539,2.0225391
3.702539,1.5525391,1.522539,1.122539,1.402539,1.8225391,0.61253905,1.992539,3.342539,3.2325392,-0.07746094,0.17253906,0.74253905,0.97253907,1.0525391,1.4725391,1.9325391,1.7125391,2.722539,2.212539,2.442539,2.7725391,2.9825392,4.1125393,5.292539,5.842539,6.282539,5.992539,5.592539,5.852539,6.142539,7.292539,6.852539,7.682539,7.142539,7.742539,5.6125393,0.78253907,-0.51746094,0.44253907,-0.25746095,-0.29746094,-0.45746094,1.662539,3.062539,2.322539,2.5025392,1.412539,0.32253906,-0.6774609,-0.47746095,-0.09746094,0.9525391,-0.32746094,0.53253907,0.66253906,2.332539,2.302539,1.862539
3.182539,3.2325392,2.862539,1.022539,1.9725391,1.6925391,2.2525392,1.7225391,2.192539,1.0425391,-0.39746094,-0.46746093,0.49253905,0.122539066,-0.047460936,-0.017460937,-0.38746095,0.122539066,0.75253904,0.61253905,1.642539,2.352539,2.4825392,3.722539,4.732539,4.952539,4.982539,6.412539,6.392539,5.762539,5.472539,5.922539,6.582539,8.102539,8.192539,6.822539,4.282539,-0.12746094,-1.097461,-0.28746092,0.37253907,1.512539,1.892539,2.902539,2.312539,1.4625391,1.632539,1.132539,0.08253906,0.54253906,0.012539063,0.47253907,0.66253906,1.3525391,1.4225391,1.742539,2.442539,1.6725391,0.75253904
3.7525392,2.692539,2.342539,2.882539,2.2525392,2.092539,3.462539,2.562539,1.252539,-0.17746094,0.08253906,0.042539064,-0.20746094,-1.6974609,-0.9274609,-0.8474609,-1.127461,-0.63746095,-0.61746097,-0.38746095,0.44253907,0.66253906,1.662539,3.142539,2.812539,3.122539,3.682539,4.792539,5.092539,4.722539,4.952539,5.272539,6.602539,6.932539,7.642539,5.1525393,3.9825392,0.63253903,-1.2074609,0.06253906,0.97253907,1.502539,2.2725391,2.432539,2.9925392,1.9325391,1.6825391,2.882539,2.562539,2.0225391,1.7025391,2.142539,2.192539,1.7025391,1.4425391,0.60253906,0.05253906,-0.48746094,-0.8574609
4.322539,3.9925392,3.2825391,3.702539,2.0425391,1.3425391,1.7925391,3.122539,3.0025392,-1.127461,-1.337461,-0.99746096,0.17253906,-0.35746095,0.33253905,1.5425391,0.93253905,-0.46746093,-1.0374609,-0.56746095,0.5725391,1.9425391,2.2525392,3.152539,3.102539,3.052539,3.872539,4.1325393,3.582539,5.042539,5.212539,5.3625393,5.8825393,6.722539,7.792539,6.172539,4.622539,0.43253908,-0.52746093,-0.39746094,0.61253905,0.61253905,1.402539,2.462539,3.072539,3.612539,3.5225391,3.702539,3.672539,4.282539,4.8825393,5.092539,4.512539,4.662539,3.692539,2.452539,0.72253907,-0.057460938,0.11253906
3.822539,4.522539,5.4025393,1.882539,1.0725391,0.79253906,2.212539,3.0325391,1.4725391,-0.30746093,-1.107461,-0.7974609,-1.097461,-0.16746093,0.67253906,1.1025391,0.69253904,0.49253905,0.9025391,0.8225391,1.982539,1.002539,1.4325391,0.42253906,1.762539,1.372539,3.322539,3.552539,4.742539,2.5025392,4.322539,5.522539,6.012539,7.492539,8.402539,5.922539,4.502539,0.32253906,0.8925391,0.7025391,-0.16746093,-0.33746094,0.23253906,1.7225391,3.712539,5.342539,6.172539,6.262539,6.722539,6.392539,6.462539,6.482539,5.842539,5.982539,5.482539,4.352539,2.9925392,1.6725391,-0.09746094
4.6325393,4.202539,4.442539,3.842539,3.7325392,0.122539066,0.81253904,1.5825391,1.402539,-0.5474609,-1.9474609,-2.377461,-2.317461,-1.607461,-0.7374609,-0.18746094,0.8425391,0.6425391,0.91253906,-0.48746094,0.40253907,0.5825391,0.81253904,-0.027460938,1.1825391,0.5125391,3.442539,3.222539,3.192539,4.552539,5.492539,5.062539,5.952539,7.012539,8.762539,7.582539,5.8825393,3.2925391,3.5425391,2.0325391,2.0225391,0.46253908,1.142539,2.7925391,4.442539,5.182539,6.512539,7.1525393,8.242539,8.032539,7.922539,6.982539,7.562539,8.042539,7.502539,6.962539,5.562539,1.3325391,-1.2974609
4.752539,3.812539,3.662539,1.892539,0.86253905,-0.17746094,0.15253906,0.26253906,0.9525391,-0.42746094,-2.437461,-3.797461,-3.197461,-2.067461,-1.2074609,-0.9074609,-0.14746094,0.49253905,-0.34746093,0.06253906,0.8225391,0.35253906,0.122539066,1.9625391,1.392539,1.642539,3.562539,2.7725391,2.5425391,3.652539,4.542539,4.352539,4.662539,5.622539,8.262539,6.212539,5.102539,4.702539,3.092539,3.092539,3.2325392,3.662539,3.202539,3.702539,4.332539,5.522539,5.682539,6.842539,6.952539,7.1125393,7.352539,8.762539,8.762539,9.442539,10.062539,9.582539,9.312539,8.932539,3.842539
3.352539,3.5225391,4.302539,1.0925391,-0.49746093,-1.3074609,-0.70746094,-0.68746096,0.61253905,-1.497461,-2.7174609,-3.777461,-3.167461,-2.4974608,-1.7074609,-0.9874609,-0.9074609,-1.1674609,0.45253906,0.0025390624,0.08253906,0.13253906,0.16253906,1.392539,1.8225391,1.3025391,1.3225391,1.272539,3.612539,3.472539,3.962539,4.162539,4.442539,4.552539,5.6125393,7.002539,5.832539,7.072539,5.952539,4.522539,4.682539,4.592539,4.1125393,3.082539,2.972539,3.972539,4.532539,5.452539,6.142539,7.552539,8.672539,9.572539,9.742539,10.6625395,10.512539,9.252539,7.412539,8.032539,6.202539
3.452539,2.862539,3.2525392,0.81253904,-1.7774609,-1.5674609,-0.77746093,-1.0774609,-2.167461,-1.7974609,-2.7374609,-4.017461,-3.657461,-2.4774609,-2.0174608,-2.667461,-1.9274609,-2.117461,-1.8074609,-0.83746094,-0.8574609,-0.40746093,-1.0674609,-0.6074609,-0.62746096,-0.45746094,-0.83746094,0.43253908,1.6725391,3.612539,3.902539,4.072539,4.352539,4.172539,3.902539,5.502539,5.1525393,4.982539,4.892539,5.8825393,4.352539,3.682539,3.862539,3.182539,3.7925391,4.272539,4.622539,5.072539,5.702539,7.102539,8.302539,9.1625395,9.462539,9.602539,10.432539,8.092539,7.332539,6.282539,6.492539
7.102539,3.222539,1.782539,-0.5374609,-3.057461,-1.617461,-0.88746095,-1.847461,-2.137461,-2.827461,-3.387461,-4.557461,-3.387461,-2.357461,-2.7174609,-2.557461,-3.777461,-3.2074609,-2.4774609,-2.2174609,-1.247461,-1.347461,-1.6974609,-1.1774609,-1.597461,-0.12746094,0.73253906,-0.9074609,1.3325391,3.2325392,3.912539,4.282539,4.472539,5.1525393,4.272539,3.382539,4.842539,4.222539,3.842539,4.912539,4.3825393,3.302539,4.172539,4.982539,4.732539,4.822539,5.1125393,6.002539,6.682539,8.192539,8.572539,8.952539,9.462539,9.552539,9.432539,7.022539,7.532539,6.842539,7.1125393
6.202539,6.822539,0.72253907,0.99253905,-1.3174609,-1.8974609,-1.017461,-0.30746093,-2.817461,-3.7074609,-4.327461,-5.437461,-3.807461,-1.987461,-2.547461,-3.147461,-3.917461,-3.867461,-4.517461,-1.8274609,-0.71746093,-0.9874609,-0.5974609,0.06253906,0.10253906,0.31253907,-0.35746095,0.43253908,2.5225391,2.112539,1.0725391,2.2425392,2.082539,2.382539,2.7925391,2.9925392,3.312539,4.222539,3.372539,2.922539,3.942539,4.932539,5.722539,5.372539,5.592539,5.302539,5.6525393,5.702539,5.942539,6.952539,8.282539,6.662539,8.1625395,8.9125395,9.422539,6.392539,5.312539,6.272539,5.572539
6.622539,6.432539,4.822539,0.042539064,-1.237461,-2.027461,-1.367461,-0.7874609,-2.2274609,-4.207461,-5.007461,-4.527461,-3.7374609,-2.837461,-2.297461,-3.307461,-5.127461,-3.897461,-5.857461,-3.2174609,-2.577461,-2.417461,-1.587461,0.72253907,0.6425391,-1.4074609,-1.0774609,1.372539,1.492539,-0.087460935,0.87253904,0.35253906,1.3325391,1.412539,1.402539,2.322539,2.0325391,2.302539,2.0425391,2.802539,3.922539,3.342539,3.902539,4.422539,4.542539,5.4025393,5.542539,6.272539,6.462539,7.962539,8.042539,8.562539,7.422539,8.522539,8.922539,8.142539,6.122539,6.602539,5.982539
5.562539,5.972539,7.482539,3.362539,-0.76746094,-0.8474609,0.042539064,-0.6074609,-2.2474608,-2.7074609,-4.307461,-5.397461,-4.477461,-2.4674609,-2.4574609,-3.337461,-5.067461,-6.3874607,-6.677461,-5.1374607,-4.187461,-3.897461,-2.297461,-0.56746095,-1.6974609,-2.9574609,-1.3074609,-0.34746093,-0.5374609,-1.1974609,-0.14746094,0.67253906,0.22253907,0.7725391,0.7025391,1.3025391,3.0025392,2.672539,3.7625391,4.072539,5.002539,3.9925392,3.832539,2.9825392,4.3625393,4.9025393,5.242539,6.062539,6.6325393,7.032539,6.952539,8.632539,8.892539,8.592539,8.4125395,5.572539,5.572539,5.572539,6.012539
3.062539,5.002539,6.282539,6.412539,6.482539,3.462539,2.4925392,3.072539,1.4725391,-0.88746095,-3.827461,-5.507461,-5.507461,-4.907461,-3.2674608,-4.207461,-4.997461,-5.677461,-7.577461,-6.377461,-5.057461,-5.007461,-3.417461,-1.107461,-5.147461,-3.2674608,-1.2974609,-1.857461,-2.377461,-2.2674608,-0.69746095,-2.297461,-1.2874609,-0.62746096,-0.057460938,1.732539,2.322539,3.072539,3.712539,3.2425392,4.472539,3.902539,4.082539,4.082539,3.662539,4.822539,5.822539,6.172539,5.992539,7.052539,7.842539,8.562539,9.362539,8.772539,7.772539,6.242539,4.8825393,5.252539,5.752539
2.862539,4.3825393,5.072539,5.302539,4.292539,5.182539,5.512539,3.822539,3.202539,2.332539,1.8125391,-4.167461,-6.257461,-7.187461,-6.377461,-5.487461,-5.947461,-6.147461,-8.137461,-7.297461,-6.957461,-5.787461,-4.107461,-4.217461,-5.217461,-4.357461,-3.557461,-2.687461,-2.7274609,-2.897461,-1.1974609,-2.347461,-0.50746095,-2.637461,-0.89746094,0.032539062,-0.32746094,0.55253905,1.8125391,1.5625391,2.712539,2.352539,3.302539,3.7525392,4.352539,4.302539,3.922539,4.782539,6.302539,6.792539,7.352539,7.832539,8.202539,9.052539,8.592539,6.692539,2.702539,4.342539,5.672539
4.322539,5.532539,5.312539,5.542539,5.422539,5.772539,3.382539,2.7525392,1.9425391,1.8325391,1.9225391,3.102539,-3.787461,-6.477461,-7.747461,-7.757461,-7.127461,-7.017461,-8.3774605,-9.107461,-7.937461,-7.127461,-5.567461,-5.977461,-6.207461,-6.427461,-4.467461,-4.067461,-3.697461,-5.307461,-4.0974607,-2.617461,-2.327461,-2.067461,-1.6574609,0.28253907,0.98253906,0.032539062,0.15253906,1.902539,2.192539,1.502539,2.072539,2.4825392,3.072539,3.382539,4.742539,5.822539,5.962539,6.492539,6.672539,7.872539,8.582539,9.192539,8.482539,5.252539,4.422539,3.7625391,4.852539
3.672539,4.462539,4.772539,5.392539,5.642539,5.052539,4.922539,4.752539,5.502539,5.602539,4.9025393,2.2825391,2.382539,-2.4774609,-6.467461,-8.717461,-8.277461,-7.807461,-8.477461,-9.5874605,-9.047461,-8.657461,-7.5974607,-6.8474607,-7.467461,-7.787461,-6.737461,-5.917461,-5.917461,-5.227461,-2.367461,-2.827461,-2.7274609,-2.377461,-2.527461,-1.1574609,-1.617461,0.9625391,1.1825391,1.402539,1.0625391,1.3425391,2.342539,2.882539,3.662539,4.872539,4.782539,5.002539,4.992539,5.6525393,6.6525393,7.342539,6.662539,7.922539,7.962539,7.002539,4.392539,2.192539,2.352539
4.822539,5.1525393,6.482539,5.092539,5.8825393,4.782539,5.342539,4.392539,4.692539,5.8625393,6.012539,7.162539,6.452539,4.702539,1.2025391,-6.3874607,-10.137461,-9.487461,-8.037461,-10.207461,-9.947461,-9.777461,-7.977461,-8.3774605,-7.937461,-7.8674607,-7.8874607,-7.277461,-6.607461,-7.087461,-5.977461,-5.767461,-4.957461,-3.7574608,-4.857461,-2.797461,-1.837461,-1.9274609,0.17253906,-0.37746093,0.17253906,0.88253903,1.372539,1.8225391,3.372539,4.272539,3.862539,4.232539,4.6325393,5.772539,6.232539,6.342539,7.052539,7.852539,7.372539,6.172539,5.852539,2.562539,2.972539
4.782539,5.212539,4.972539,6.102539,7.162539,6.062539,5.142539,4.452539,5.642539,5.682539,6.192539,6.892539,7.692539,8.962539,7.492539,3.342539,3.142539,-8.5874605,-9.367461,-9.747461,-10.457461,-10.5874605,-9.677461,-10.367461,-9.607461,-8.427461,-8.1274605,-8.197461,-8.307461,-7.707461,-6.677461,-5.977461,-5.517461,-4.487461,-4.167461,-3.4574609,-3.617461,-2.4874609,-1.8174609,-1.4174609,0.36253905,0.78253907,1.532539,2.2525392,1.772539,1.7025391,3.402539,4.032539,3.7925391,4.372539,5.212539,6.582539,7.082539,7.562539,5.772539,6.732539,5.212539,1.622539,3.0425391
3.892539,5.272539,4.3825393,4.452539,5.092539,4.912539,5.092539,5.212539,4.162539,5.762539,5.712539,6.142539,8.252539,8.632539,9.102539,8.852539,7.812539,-4.307461,-11.287461,-10.947461,-11.537461,-11.797461,-11.0874605,-10.367461,-9.5874605,-8.0874605,-8.737461,-8.667461,-8.737461,-9.0874605,-9.107461,-8.347461,-7.207461,-7.377461,-7.187461,-3.817461,-3.177461,-2.117461,-2.337461,0.11253906,-1.0474609,0.94253904,0.35253906,0.79253906,3.5025392,2.972539,2.7725391,3.2425392,3.822539,4.3625393,5.642539,6.702539,6.222539,6.542539,5.892539,5.962539,4.322539,1.3325391,3.2625391
3.392539,3.082539,3.7725391,4.102539,3.802539,4.252539,4.192539,4.312539,5.842539,6.522539,6.762539,6.242539,7.172539,7.962539,8.432539,8.4125395,8.832539,8.1625395,-1.497461,-8.807461,-11.407461,-12.257461,-11.937461,-10.717461,-11.187461,-9.297461,-9.067461,-8.827461,-8.1274605,-9.167461,-8.187461,-9.107461,-9.007461,-7.677461,-5.497461,-5.527461,-5.627461,-2.897461,-2.847461,-2.2574608,-1.387461,-0.71746093,0.49253905,1.4325391,1.522539,3.472539,3.832539,4.8825393,4.712539,4.082539,5.202539,5.092539,5.922539,6.262539,6.582539,6.892539,6.392539,7.592539,5.1525393
1.752539,3.072539,2.9825392,3.632539,2.9825392,3.7425392,2.822539,3.7825391,5.012539,4.9025393,5.6325393,6.1525393,6.412539,6.202539,7.392539,8.322539,8.632539,10.3725395,8.702539,0.42253906,-11.647461,-13.557461,-11.8774605,-11.797461,-12.047461,-11.487461,-9.957461,-9.287461,-8.997461,-9.047461,-8.507461,-8.8774605,-8.447461,-9.167461,-7.247461,-5.877461,-6.567461,-5.177461,-4.277461,-3.117461,-2.037461,-0.77746093,-0.14746094,0.50253904,1.242539,1.9425391,2.7525392,3.402539,4.672539,3.802539,4.162539,4.732539,4.292539,4.772539,5.532539,6.312539,7.332539,7.702539,5.8625393
0.17253906,0.93253905,1.0425391,2.372539,2.362539,2.4825392,2.912539,2.712539,3.442539,3.7725391,3.9825392,4.4025393,4.802539,6.502539,6.592539,6.642539,8.022539,9.202539,9.6625395,10.582539,-14.077461,-12.987461,-12.977461,-12.307461,-12.227461,-11.867461,-11.447461,-10.497461,-10.277461,-9.407461,-9.1274605,-8.007461,-8.017461,-9.187461,-9.457461,-9.367461,-7.467461,-6.207461,-4.967461,-4.227461,-2.4774609,-1.467461,-0.89746094,0.07253906,0.67253906,1.622539,2.642539,2.802539,3.162539,4.222539,4.522539,4.202539,5.392539,4.062539,4.8825393,6.252539,5.6525393,5.9025393,7.3825393
-1.2774609,0.092539065,0.17253906,0.7125391,0.88253903,1.6725391,1.502539,2.622539,3.132539,4.372539,4.542539,4.872539,4.9025393,4.942539,5.062539,5.792539,5.962539,6.812539,6.682539,9.012539,6.1525393,-6.297461,-11.407461,-12.657461,-12.8774605,-13.147461,-12.547461,-11.757461,-10.567461,-10.447461,-9.037461,-8.567461,-8.017461,-8.947461,-9.297461,-7.907461,-9.207461,-8.727461,-7.007461,-5.337461,-3.847461,-2.9874609,-1.357461,-1.017461,-0.09746094,0.69253904,1.8325391,2.442539,3.222539,4.392539,3.932539,4.522539,3.142539,4.082539,4.502539,4.782539,6.262539,7.492539,5.832539
-2.817461,-2.277461,-1.4374609,-0.7374609,0.40253907,0.42253906,1.392539,2.062539,2.722539,2.452539,3.582539,4.392539,4.922539,5.412539,5.202539,5.252539,5.252539,5.202539,5.482539,4.412539,5.452539,2.302539,-6.217461,-12.017461,-12.897461,-14.417461,-13.5874605,-12.777461,-11.8374605,-10.657461,-10.3374605,-9.477461,-9.137461,-9.197461,-9.017461,-9.217461,-7.787461,-8.667461,-6.327461,-6.6174607,-5.467461,-4.307461,-3.2274609,-1.877461,-0.55746096,-0.06746094,1.122539,2.4825392,3.062539,3.162539,2.852539,3.472539,4.392539,4.322539,3.202539,4.582539,5.892539,4.942539,6.1125393
