src/json/wind_uv.json
{"header": { "discipline": 0, "disciplineName": "Meteorological products", "gribEdition": 2, "gribLength": 80423, "center": 7, "centerName": "US National Weather Service - NCEP(WMC)", "subcenter": 0, "refTime": "2025-04-24T18:00:00.000Z", "significanceOfRT": 0, "significanceOfRTName": "Analysis", "productStatus": 0, "productStatusName": "Operational products", "productType": 0, "productTypeName": "Analysis products", "productDefinitionTemplate": 0, "productDefinitionTemplateName": "Analysis/forecast at horizontal level/layer at a point in time", "parameterCategory": 2, "parameterCategoryName": "Momentum", "parameterNumber": 3, "parameterNumberName": "V-component_of_wind", "parameterUnit": "m.s-1", "genProcessType": 0, "genProcessTypeName": "Analysis", "forecastTime": 0, "surface1Type": 103, "surface1TypeName": "Specified height level above ground", "surface1Value": 30.0, "surface2Type": 255, "surface2TypeName": "Missing", "surface2Value": 0.0, "gridDefinitionTemplate": 0, "gridDefinitionTemplateName": "Latitude_Longitude", "numberPoints": 65160, "shape": 6, "shapeName": "Earth spherical with radius of 6,371,229.0 m", "gridUnits": "degrees", "resolution": 48, "winds": "true", "scanMode": 0, "nx": 360, "ny": 181, "basicAngle": 0, "lo1": 0.0, "la1": 90.0, "lo2": 359.0, "la2": -90.0, "dx": 1.0, "dy": 1.0 }, "data":
[rows 104 to 129 of 181, columns 177 to 235 of 360]
2.622539,3.2725391,2.5425391,1.9625391,3.462539,4.022539,3.822539,3.302539,4.372539,4.762539,5.492539,5.6125393,5.822539,3.602539,4.022539,4.512539,4.522539,5.022539,4.3825393,2.712539,1.022539,0.45253906,0.14253907,-2.9874609,-3.797461,-5.3874607,-6.107461,-4.967461,-3.537461,-3.347461,-3.9974608,-4.197461,-4.437461,-3.357461,-3.4974608,-1.467461,-1.597461,-2.337461,-1.837461,-1.2774609,-1.4274609,-1.0774609,-1.767461,-0.6574609,-0.55746096,-0.42746094,-1.637461,-1.1874609,-3.167461,-3.2374609,-1.967461,-0.35746095,-0.58746094,-0.69746095,-2.417461,-0.8574609,-0.13746093,-0.82746094,-0.38746095
2.892539,3.152539,2.0125391,3.222539,3.312539,4.542539,4.812539,3.922539,5.6525393,5.8825393,5.6525393,4.872539,5.472539,6.262539,6.282539,5.742539,5.032539,5.772539,4.442539,3.5025392,1.4625391,1.502539,0.7725391,0.53253907,-4.187461,-5.187461,-6.557461,-6.467461,-5.317461,-4.407461,-5.147461,-4.807461,-4.317461,-4.157461,-4.257461,-3.647461,-3.307461,-2.817461,-3.397461,-1.637461,-0.8474609,-1.1474609,-2.2274609,-1.4374609,-1.247461,-1.607461,-1.3074609,-2.077461,-3.837461,-3.297461,-3.197461,-3.337461,-2.417461,-1.9374609,-1.6674609,-2.037461,-1.507461,-1.877461,-2.2174609
1.882539,2.102539,2.842539,3.142539,5.292539,6.6125393,6.432539,5.812539,6.1125393,5.962539,6.452539,5.432539,5.302539,5.3625393,5.992539,5.762539,4.512539,3.302539,2.912539,3.442539,3.2525392,2.5325391,1.4625391,1.8325391,-0.83746094,-4.507461,-5.767461,-5.997461,-4.047461,-3.377461,-3.7374609,-4.327461,-3.617461,-4.187461,-4.507461,-2.897461,-2.627461,-2.7374609,-2.547461,-1.717461,-0.7374609,-2.037461,-2.937461,-2.317461,-1.237461,-2.2274609,-2.187461,-3.087461,-4.487461,-4.8474607,-3.2474608,-3.377461,-3.107461,-3.797461,-3.797461,-2.9974608,-2.637461,-2.377461,-0.9074609
-0.6674609,4.492539,0.5725391,2.152539,4.6125393,5.782539,6.302539,5.442539,4.552539,5.672539,5.892539,4.772539,5.192539,4.4025393,5.122539,4.062539,4.352539,4.182539,3.932539,3.402539,3.112539,2.442539,1.3225391,0.41253906,0.40253907,-2.0074608,-5.6174607,-5.227461,-6.647461,-5.8874607,0.7625391,-4.627461,-4.707461,-4.697461,-3.407461,-3.437461,-2.9774609,-1.8174609,-2.187461,-3.377461,-2.887461,-1.987461,-0.68746096,-1.0574609,-2.137461,-2.667461,-2.787461,-3.027461,-5.107461,-4.747461,-5.447461,-4.307461,-4.027461,-3.4874609,-3.387461,-3.9574609,-2.9674609,-2.447461,-1.5674609
-0.52746093,-1.217461,0.87253904,2.5225391,4.812539,5.182539,5.3625393,5.732539,5.702539,6.1325393,5.682539,4.972539,6.182539,5.292539,5.682539,4.962539,4.162539,4.252539,3.952539,3.722539,2.162539,2.592539,-0.0074609374,-0.57746094,-0.64746094,-1.1974609,-5.037461,-7.697461,-7.627461,-9.497461,-9.907461,-8.317461,-5.467461,-3.647461,-2.167461,-0.82746094,-2.357461,-0.68746096,0.31253907,-2.7674608,-2.657461,-2.2274609,-1.2874609,-1.0674609,-0.37746093,-2.427461,-3.347461,-4.657461,-4.727461,-6.207461,-5.177461,-5.607461,-4.447461,-3.827461,-3.547461,-5.287461,-2.667461,-3.377461,-2.277461
-1.617461,-1.3974609,0.61253905,1.9325391,3.2825391,4.322539,4.542539,4.792539,4.4025393,3.7425392,6.262539,5.782539,6.232539,5.592539,5.802539,5.242539,5.032539,5.552539,5.562539,5.972539,6.532539,6.792539,-0.87746096,-2.857461,-0.77746093,-0.74746096,-4.157461,-6.947461,-7.0974607,-7.6374607,-9.307461,-7.657461,-5.107461,-3.157461,-2.057461,-0.5974609,-0.24746093,0.012539063,0.42253906,-0.75746095,-1.5474609,-1.877461,0.13253906,-0.06746094,-0.5474609,-0.75746095,-0.5474609,-3.847461,-5.937461,-6.707461,-6.587461,-6.027461,-5.277461,-3.917461,-4.337461,-5.017461,-2.7174609,-3.2374609,-2.597461
-1.587461,-1.5674609,0.5725391,1.892539,3.152539,2.592539,4.072539,4.3625393,5.052539,3.9825392,3.682539,3.662539,5.282539,6.782539,6.302539,5.852539,4.782539,5.022539,5.492539,5.722539,7.312539,6.102539,2.0225391,-2.787461,-2.057461,-2.157461,-5.317461,-6.777461,-7.497461,-7.717461,-7.027461,-6.017461,-4.987461,-3.4574609,-2.827461,-1.6774609,0.8325391,0.72253907,0.32253906,0.73253906,-0.07746094,-0.30746093,1.262539,0.30253905,0.29253906,-0.57746094,-0.76746094,-2.527461,-5.0974607,-6.997461,-6.907461,-6.727461,-6.037461,-5.587461,-6.007461,-4.857461,-5.1174607,-5.317461,-4.3474607
-0.55746096,0.36253905,1.8025391,1.9625391,2.812539,2.0225391,3.142539,3.7625391,3.922539,5.432539,5.972539,5.4025393,5.932539,4.6125393,6.412539,4.332539,5.452539,4.432539,4.892539,6.512539,7.252539,6.032539,-1.1474609,-1.1874609,-1.717461,-2.7274609,-4.667461,-6.057461,-7.307461,-5.877461,-7.257461,-5.477461,-5.057461,-3.567461,-2.147461,-1.4174609,-0.46746093,-0.22746094,-0.28746092,-0.037460938,0.07253906,0.55253905,0.54253906,-0.13746093,0.37253907,-0.057460938,-0.95746094,-1.2774609,-3.607461,-6.427461,-6.267461,-5.757461,-5.8874607,-5.787461,-5.547461,-4.747461,-4.577461,-5.477461,-4.927461
-0.44746095,0.54253906,2.5425391,2.832539,2.0025392,1.7925391,2.722539,4.072539,4.312539,3.872539,6.022539,6.672539,8.252539,7.032539,6.852539,6.192539,5.012539,4.942539,6.192539,5.542539,7.322539,8.842539,-3.7274609,-2.087461,-3.447461,-3.377461,-4.607461,-5.517461,-6.157461,-6.247461,-5.087461,-5.337461,-4.987461,-4.407461,-4.247461,-2.797461,-1.757461,-1.6474609,-1.8174609,-0.48746094,-0.47746095,0.012539063,0.19253907,-0.13746093,0.5225391,-0.017460937,-0.89746094,-2.2174609,-2.827461,-4.877461,-5.857461,-6.047461,-6.487461,-6.5974607,-6.027461,-5.577461,-4.8474607,-4.957461,-4.577461
0.012539063,1.142539,0.34253907,0.73253906,2.422539,1.272539,2.092539,3.162539,4.142539,4.822539,5.742539,5.562539,6.202539,6.712539,7.052539,7.412539,7.232539,7.392539,6.992539,6.732539,7.282539,6.502539,5.592539,-3.4874609,-4.287461,-5.217461,-5.237461,-5.197461,-6.107461,-4.987461,-5.947461,-5.157461,-3.7074609,-3.847461,-3.4774609,-3.927461,-2.607461,-0.41746095,-0.70746094,-0.40746093,-0.18746094,0.37253907,1.0425391,0.16253906,-0.8474609,-1.0774609,-1.7074609,-3.117461,-2.7674608,-3.0174608,-3.617461,-3.887461,-3.197461,-5.507461,-6.067461,-6.197461,-5.6374607,-5.627461,-4.377461
-1.477461,-1.6774609,-1.4474609,-0.32746094,0.36253905,2.112539,2.672539,2.312539,3.0425391,3.202539,5.312539,5.912539,7.042539,7.552539,7.552539,8.002539,7.762539,7.922539,7.812539,7.522539,7.242539,6.682539,5.6325393,0.30253905,-5.077461,-5.737461,-4.907461,-6.457461,-6.647461,-6.607461,-5.457461,-5.467461,-3.4574609,-4.377461,-2.637461,-2.567461,-2.417461,0.13253906,-0.69746095,0.7725391,1.8325391,2.402539,2.072539,-0.18746094,-1.6674609,-1.877461,-1.3974609,-0.7274609,-2.817461,-2.7474608,-2.9974608,-1.497461,-0.68746096,-1.747461,-5.3874607,-6.577461,-7.127461,-5.167461,-3.9774609
-1.767461,-2.527461,-2.357461,-0.24746093,0.07253906,0.8425391,1.7925391,2.052539,3.432539,3.382539,4.182539,6.302539,6.4025393,7.322539,7.772539,7.6125393,7.462539,8.672539,8.542539,8.542539,8.802539,7.462539,5.162539,3.702539,-6.047461,-7.457461,-7.607461,-7.717461,-7.187461,-6.737461,-5.877461,-5.177461,-4.457461,-4.077461,-3.687461,-3.2074609,-1.737461,-2.147461,-0.36746094,0.26253906,0.022539062,1.1025391,1.9725391,3.0125391,-0.35746095,-3.667461,-2.787461,-1.1474609,-2.057461,-1.847461,-3.357461,-3.297461,-1.1774609,-0.48746094,-2.7274609,-7.607461,-6.917461,-6.877461,-4.807461
-0.94746095,0.122539066,0.9525391,1.492539,1.252539,1.612539,0.49253905,0.56253904,2.372539,3.632539,4.802539,5.442539,5.752539,6.592539,7.052539,7.542539,8.112539,8.832539,9.552539,9.742539,9.632539,7.932539,4.512539,0.86253905,-5.517461,-8.467461,-9.367461,-9.767461,-9.477461,-8.387461,-7.337461,-6.6174607,-5.977461,-6.1174607,-3.5174608,-2.5074608,-1.1574609,-2.127461,-1.4574609,-0.26746094,0.5125391,1.752539,2.352539,2.342539,-0.6674609,-5.337461,-4.6374607,-2.2474608,-0.68746096,-1.737461,-2.037461,-2.4974608,-1.877461,-1.6574609,-4.217461,-6.287461,-5.757461,-4.927461,-4.007461
-2.137461,-0.31746092,0.7625391,1.482539,1.632539,1.362539,0.85253906,0.92253906,1.862539,3.452539,4.692539,4.702539,5.822539,7.242539,8.052539,7.012539,7.8825393,9.382539,10.142539,10.842539,11.082539,8.9125395,7.232539,1.4425391,-4.317461,-10.667461,-10.777461,-10.967461,-10.697461,-9.227461,-6.427461,-6.247461,-5.967461,-4.837461,-5.327461,-4.427461,-2.0074608,-0.7974609,-0.9274609,-0.33746094,1.012539,1.6925391,2.672539,3.4825392,-0.30746093,-3.7074609,-3.7474608,-2.787461,-2.107461,-1.477461,-1.757461,-3.4574609,-2.2574608,-1.2874609,-0.15746094,-1.007461,-6.787461,-3.927461,-4.207461
-0.71746093,-0.7874609,0.5125391,0.9625391,1.0525391,0.39253905,0.29253906,2.062539,2.712539,3.332539,4.292539,5.022539,5.332539,7.272539,8.752539,9.472539,8.482539,9.062539,10.442539,12.082539,12.222539,11.362539,11.302539,8.582539,2.182539,-9.937461,-10.667461,-12.807461,-13.237461,-11.397461,-7.327461,-6.8874607,-6.857461,-5.517461,-4.577461,-4.807461,-4.257461,-2.187461,-1.8974609,-0.49746093,0.5825391,2.2425392,4.062539,2.802539,1.282539,-1.467461,-2.7374609,-2.187461,-1.3074609,-1.0474609,-1.1674609,-2.627461,-3.437461,-4.167461,-5.967461,-3.357461,-1.5274609,-4.657461,-3.867461
-1.487461,-0.93746096,-0.12746094,0.40253907,0.81253904,1.7025391,1.9225391,2.2925391,2.9825392,3.932539,5.852539,6.262539,6.092539,8.202539,8.732539,9.8725395,9.902539,9.882539,10.772539,11.552539,12.042539,13.072539,13.212539,11.4125395,11.472539,9.342539,-5.547461,-8.397461,-9.427461,-7.987461,-8.3374605,-8.147461,-6.957461,-6.167461,-6.177461,-5.067461,-3.9774609,-3.187461,-1.6474609,-1.627461,-1.087461,1.782539,3.052539,2.2725391,0.68253905,-0.68746096,-2.357461,-1.637461,-1.1774609,-1.4474609,-2.347461,-1.6974609,-2.7274609,-3.9874609,-6.8874607,-8.6274605,-3.047461,-5.357461,-3.847461
-0.36746094,0.30253905,0.94253904,1.392539,2.182539,2.802539,3.052539,3.372539,4.8825393,5.532539,5.422539,6.522539,7.502539,8.342539,9.462539,10.302539,11.142539,10.482539,11.452539,12.672539,13.182539,13.642539,14.792539,14.312539,11.432539,11.9125395,-2.2474608,-6.407461,-6.237461,-6.277461,-6.297461,-7.837461,-8.477461,-7.227461,-6.857461,-5.757461,-4.627461,-3.127461,-2.287461,-2.677461,-3.347461,2.182539,3.442539,2.462539,0.74253905,0.07253906,-1.3974609,-1.5374609,-0.57746094,-0.21746093,-3.097461,-2.797461,0.032539062,-6.187461,-4.547461,-5.5974607,-4.477461,-1.977461,-2.057461
0.14253907,1.0425391,2.0125391,2.4925392,2.092539,2.2425392,3.382539,6.162539,5.062539,5.212539,6.622539,7.192539,7.662539,7.822539,8.352539,9.462539,10.512539,10.4125395,10.142539,11.152539,12.002539,13.522539,14.682539,15.142539,13.602539,12.542539,-0.7374609,0.8925391,-5.657461,-5.947461,-6.667461,-8.067461,-9.287461,-9.017461,-7.777461,-7.147461,-4.967461,-6.207461,-4.917461,-3.317461,-1.237461,-0.62746096,2.082539,2.4925392,2.2825391,-0.7374609,-0.61746097,-1.377461,-0.45746094,-0.6574609,-1.4474609,-3.087461,-1.257461,-3.9974608,-4.757461,-0.82746094,-4.937461,-4.707461,-2.577461
-0.11746094,1.1025391,1.742539,3.172539,2.052539,0.78253907,2.7925391,4.782539,5.202539,4.282539,5.482539,5.732539,5.3625393,6.462539,6.472539,7.592539,8.152539,9.462539,9.6625395,10.642539,10.832539,11.262539,11.812539,12.6225395,14.062539,13.112539,10.902539,-2.047461,-6.447461,-9.8374605,-6.237461,-5.287461,-9.767461,-9.537461,-8.657461,-6.767461,-5.257461,-6.397461,-3.9974608,-4.307461,-3.607461,-2.657461,-0.81746095,0.73253906,0.15253906,0.05253906,-1.4374609,0.092539065,-0.5474609,-1.597461,-1.7074609,-2.4874609,-2.097461,-2.317461,-4.187461,-6.647461,-6.427461,-6.817461,-4.727461
1.502539,0.9525391,2.142539,3.142539,2.692539,2.802539,4.202539,2.912539,3.442539,4.512539,4.422539,5.122539,5.3825393,6.502539,7.562539,7.792539,8.432539,9.602539,9.6225395,10.822539,11.172539,11.382539,11.792539,12.302539,12.902539,13.332539,14.542539,13.672539,10.542539,-5.477461,-10.067461,-9.607461,-9.487461,-9.717461,-8.727461,-7.727461,-6.787461,-5.8874607,-6.517461,-5.057461,-3.907461,-3.317461,-3.777461,-0.47746095,-1.357461,-0.8574609,0.10253906,-2.437461,-1.0774609,-1.4274609,-1.8074609,-2.087461,-3.0174608,-3.547461,-3.897461,-4.6374607,-3.7274609,-3.0074608,-3.877461
0.08253906,0.92253906,1.9425391,1.3225391,1.6825391,1.9425391,1.782539,2.722539,3.412539,4.732539,4.032539,4.492539,5.1525393,6.252539,7.592539,8.062539,9.442539,9.772539,10.392539,11.102539,11.322539,12.192539,12.072539,12.652539,12.962539,13.982539,13.512539,13.712539,12.672539,12.952539,-4.567461,-9.697461,-9.347461,-9.927461,-9.437461,-8.247461,-8.257461,-7.327461,-6.717461,-4.807461,-6.827461,-4.437461,-2.667461,-3.9974608,-2.2174609,-3.097461,-2.377461,-2.7074609,-3.2574608,-1.847461,-2.4974608,-2.687461,-3.2274609,-4.567461,-4.477461,-3.2474608,-3.437461,-3.157461,-3.697461
-0.17746094,1.632539,1.5425391,1.2225391,2.7825391,1.642539,2.382539,2.652539,3.4925392,3.622539,4.512539,6.472539,6.542539,6.732539,7.172539,8.652539,8.592539,9.722539,10.882539,11.682539,12.232539,12.502539,12.6225395,12.842539,15.332539,15.802539,13.072539,14.612539,12.182539,10.952539,10.852539,-7.287461,-11.507461,-10.287461,-10.467461,-8.937461,-7.407461,-9.767461,-7.497461,-6.8874607,-7.037461,-5.517461,-4.017461,-3.7074609,-5.397461,-5.227461,-4.627461,-2.617461,-3.197461,-3.147461,-4.1374607,-4.517461,-5.497461,-4.307461,-3.7374609,-3.557461,-3.2674608,-3.657461,-4.007461
0.33253905,0.5225391,0.67253906,0.7725391,0.10253906,2.702539,2.7625391,2.092539,5.462539,3.842539,5.292539,6.502539,6.172539,7.042539,7.642539,8.782539,9.262539,10.452539,10.342539,11.222539,11.972539,12.522539,12.962539,12.812539,13.062539,12.272539,14.062539,12.522539,10.402539,8.4125395,7.192539,7.012539,-14.237461,-13.257461,-11.817461,-11.407461,-9.457461,-7.967461,-9.417461,-8.507461,-5.8674607,-7.357461,-6.177461,-5.527461,-6.897461,-6.0974607,-5.6174607,-3.7174609,-3.9674609,-4.667461,-4.577461,-5.577461,-5.8474607,-5.507461,-5.157461,-4.657461,-4.627461,-3.927461,-3.647461
0.78253907,1.5725391,2.2925391,1.2125391,1.492539,1.4425391,2.072539,3.802539,4.332539,4.512539,5.952539,5.732539,6.702539,7.392539,8.362539,8.132539,9.252539,9.592539,10.032539,10.8725395,11.842539,12.522539,12.882539,13.002539,14.642539,14.562539,14.582539,10.752539,7.942539,5.662539,3.972539,2.7925391,3.0225391,-14.297461,-13.547461,-11.847461,-10.257461,-9.507461,-10.737461,-8.607461,-7.557461,-7.897461,-7.147461,-7.487461,-7.237461,-6.8474607,-5.407461,-6.757461,-6.257461,-6.3874607,-7.527461,-7.727461,-6.067461,-6.557461,-6.017461,-4.817461,-2.9874609,-4.997461,-4.857461
2.682539,-0.24746093,0.37253907,1.032539,1.3525391,1.782539,1.902539,4.582539,4.712539,5.222539,6.792539,6.192539,6.4025393,7.1525393,7.1325393,8.492539,8.812539,8.782539,9.482539,10.612539,11.032539,12.292539,13.022539,13.762539,14.272539,16.13254,17.312538,13.922539,8.762539,2.472539,-0.15746094,-0.42746094,1.1925391,-11.617461,-14.257461,-13.597461,-11.907461,-11.1274605,-10.217461,-9.567461,-7.967461,-8.187461,-7.467461,-7.3674607,-8.207461,-6.567461,-5.907461,-5.797461,-4.247461,-5.657461,-7.247461,-7.747461,-7.327461,-6.487461,-5.257461,-5.717461,-6.277461,-5.807461,-5.607461
-1.017461,-3.367461,-3.077461,-0.057460938,0.91253906,2.5225391,2.412539,3.382539,2.9825392,4.422539,4.992539,5.852539,6.492539,6.502539,8.1225395,7.412539,7.892539,9.152539,9.492539,9.892539,10.602539,11.432539,12.362539,13.202539,14.1225395,15.1625395,16.832539,15.652539,14.052539,5.182539,0.39253905,-0.49746093,-1.0774609,-7.527461,-12.987461,-14.917461,-13.567461,-12.237461,-10.937461,-10.757461,-8.987461,-7.817461,-7.277461,-10.067461,-9.967461,-8.327461,-8.007461,-6.287461,-5.957461,-5.287461,-4.567461,-7.977461,-8.887461,-7.427461,-8.6274605,-6.337461,-6.447461,-6.257461,-6.977461
